#Night Time Mode
800A6D0C 0001
#Race Upside Down
800A6E28 0001
#P1 Always 1st
801F76F8 0001
#Access To Groups 5,6,7,& 8	
301D809C 0001
301D809D 0001
301D809E 0001
301D809F 0001
301D80A0 0001
301D80A1 0001
301D80A2 0001
301D80A3 0001
#Group 2 Arctic 1	
301D803C 0001
301D803D 0001
301D803E 0001
301D803F 0001
301D8040 0001
301D8041 0001
301D8042 0001
301D8043 0001
#Group 2 Jungle 2	
301D8024 0001
301D8025 0001
301D8026 0001
301D8027 0001
301D8028 0001
301D8029 0001
301D802A 0001
301D802B 0001
#Group 2 Swamp 2	
301D8034 0001
301D8035 0001
301D8036 0001
301D8037 0001
301D8038 0001
301D8039 0001
301D803A 0001
301D803B 0001
#Group 2 Venice	
301D802C 0001
301D802D 0001
301D802E 0001
301D802F 0001
301D8030 0001
301D8031 0001
301D8032 0001
301D8033 0001
#Group 3 Arctic 2	
301D805C 0001
301D805D 0001
301D805E 0001
301D805F 0001
301D8060 0001
301D8061 0001
301D8062 0001
301D8063 0001
#Group 3 Canyon	
301D8044 0001
301D8045 0001
301D8046 0001
301D8047 0001
301D8048 0001
301D8049 0001
301D804A 0001
301D804B 0001
#Group 3 Subaoua 1	
301D8054 0001
301D8055 0001
301D8056 0001
301D8057 0001
301D8058 0001
301D8059 0001
301D805A 0001
301D805B 0001	
#Group 3 Venice 2	
301D804C 0001
301D804D 0001
301D804E 0001
301D804F 0001
301D8050 0001
301D8051 0001
301D8052 0001
301D8053 0001
#Group 4 Canyon 2	
301D8064 0001
301D8065 0001
301D8066 0001
301D8067 0001
301D8068 0001
301D8069 0001
301D806A 0001
301D806B 0001
#Group 4 Egypt 2	
301D807C 0001
301D807D 0001
301D807E 0001
301D807F 0001
301D8080 0001
301D8081 0001
301D8082 0001
301D8083 0001
301D8084 0001
301D8085 0001
301D8086 0001
301D8087 0001
301D8088 0001
301D8089 0001
301D808A 0001
301D808B 0001
301D808C 0001
301D808D 0001
301D808E 0001
301D808F 0001
301D8090 0001
301D8091 0001
301D8092 0001
301D8093 0001
301D8094 0001
301D8095 0001
301D8096 0001
301D8097 0001
301D8098 0001
301D8099 0001
301D809A 0001
301D809B 0001
#Group 4 Highway 2	
301D806C 0001
301D806D 0001
301D806E 0001
301D806F 0001
301D8070 0001
301D8071 0001
301D8072 0001
301D8073 0001
#Group 4 Subaoua 2	
301D8074 0001
301D8075 0001
301D8076 0001
301D8077 0001
301D8078 0001
301D8079 0001
301D807A 0001
301D807B 0001
